255 255 255 255 255 255 255 255 255 255 255 255 255 255 255 255
255 255 255 255 255 255 255 255 255 255 255 255 255 255 255 255
255 255   0   0   0   0   0   0   0   0   0   0   0   0 255 255
255 255   0   0   0   0   0   0   0   0   0   0   0   0 255 255
255 255   0   0 255 255 255 255 255 255 255 255   0   0 255 255
255 255   0   0 255 255   0 255 255   0 255 255   0   0 255 255
255 255   0   0 255 255 255 255   0   0 255 255   0   0 255 255
255 255   0   0 255  11   0 255 255 255 255   0   0   0 255 255
255 255   0   0 255 255 255   0 255 255 255   0   0   0 255 255
255 255   0   0 255   0 255 255   0   0 255 255   0   0 255 255
255 255   0   0 255 132 255 255 255   0 255 255   0   0 255 255
255 255   0   0 255 255 255 255 255 255 255 255   0   0 255 255
255 255   0   0   0   0   0   0   0   0   0   0   0   0 255 255
255 255   0   0   0   0   0   0   0   0   0   0   0   0 255 255
255 255 255 255 255 255 255 255 255 255 255 255 255 255 255 255
255 255 255 255 255 255 255 255 255 255 255 255 255 255 255 255
255 255 255 255 255 255 255 255 255 255 255 255 255 255 255 255
255 255 255 255 255 255 255 255 255 255 255 255 255 255 255 255
255 255   0   0   0   0   0   0   0   0   0   0   0   0 255 255
255 255   0   0   0   0   0   0   0   0   0   0   0   0 255 255
255 255   0   0 255 255 255 255 255 255 255 255   0   0 255 255
255 255   0   0 255 255   0 255 255   0 255 255   0   0 255 255
255 255   0   0 255 255 255 255   0   0 255 255   0   0 255 255
255 255   0   0 255  11   0 255 255 255 255   0   0   0 255 255
255 255   0   0 255 255 255   0 255 255 255   0   0   0 255 255
255 255   0   0 255   0 255 255   0   0 255 255   0   0 255 255
255 255   0   0 255 132 255 255 255   0 255 255   0   0 255 255
255 255   0   0 255 255 255 255 255 255 255 255   0   0 255 255
255 255   0   0   0   0   0   0   0   0   0   0   0   0 255 255
255 255   0   0   0   0   0   0   0   0   0   0   0   0 255 255
255 255 255 255 255 255 255 255 255 255 255 255 255 255 255 255
255 255 255 255 255 255 255 255 255 255 255 255 255 255 255 255
255 255 255 255 255 255 255 255 255 255 255 255 255 255 255 255
255 255 255 255 255 255 255 255 255 255 255 255 255 255 255 255
255 255   0   0   0   0   0   0   0   0   0   0   0   0 255 255
255 255   0   0   0   0   0   0   0   0   0   0   0   0 255 255
255 255   0   0 255 255 255 255 255 255 255 255   0   0 255 255
255 255   0   0 255 255   0 255 255   0 255 255   0   0 255 255
255 255   0   0 255 255 255 255   0   0 255 255   0   0 255 255
255 255   0   0 255  11   0 255 255 255 255   0   0   0 255 255
255 255   0   0 255 255 255   0 255 255 255   0   0   0 255 255
255 255   0   0 255   0 255 255   0   0 255 255   0   0 255 255
255 255   0   0 255 132 255 255 255   0 255 255   0   0 255 255
255 255   0   0 255 255 255 255 255 255 255 255   0   0 255 255
255 255   0   0   0   0   0   0   0   0   0   0   0   0 255 255
255 255   0   0   0   0   0   0   0   0   0   0   0   0 255 255
255 255 255 255 255 255 255 255 255 255 255 255 255 255 255 255
255 255 255 255 255 255 255 255 255 255 255 255 255 255 255 255

253 239 235 234 234 234 234 234 234 234 234 234 234 235 239 253
239 111  69  64  64  64  64  64  64  64  64  64  64  69 111 239
235  69  14   8   9  10  10  10  10  10  10   9   8  14  69 235
234  64   8  64 115 128 123  99  99 123 128 115  64   8  64 234
234  64   9 115 199 223 207 127 127 207 223 199 115   9  64 234
234  64  10 120 147 149 173 133 133 173 149 147 120  10  64 234
234  64  10 120 140 121 131 121 121 131 122 140 120  10  64 234
234  64  10 120 141 117 102  83  82  99 118 144 122  10  64 234
234  64  10 116 118 132 140 116 117 145 139 121 116  10  64 234
234  64  10 118 132 151 156 167 198 204 162 125 116  10  64 234
234  64  10 126 185 163 120 141 178 166 156 170 125  10  64 234
234  64   9 115 204 219 179 134 117 141 190 200 115   9  64 234
234  64   8  64 115 128 127 119 114 121 127 115  64   8  64 234
235  69  14   8   9  10  10  10  10  10  10   9   8  14  69 235
239 111  69  64  64  64  64  64  64  64  64  64  64  69 111 239
253 239 235 234 234 234 234 234 234 234 234 234 234 235 239 253
253 239 235 234 234 234 234 234 234 234 234 234 234 235 239 253
239 111  69  64  64  64  64  64  64  64  64  64  64  69 111 239
235  69  14   8   9  10  10  10  10  10  10   9   8  14  69 235
234  64   8  64 115 128 123  99  99 123 128 115  64   8  64 234
234  64   9 115 199 223 207 127 127 207 223 199 115   9  64 234
234  64  10 120 147 149 173 133 133 173 149 147 120  10  64 234
234  64  10 120 140 121 131 121 121 131 122 140 120  10  64 234
234  64  10 120 141 117 102  83  82  99 118 144 122  10  64 234
234  64  10 116 118 132 140 116 117 145 139 121 116  10  64 234
234  64  10 118 132 151 156 167 198 204 162 125 116  10  64 234
234  64  10 126 185 163 120 141 178 166 156 170 125  10  64 234
234  64   9 115 204 219 179 134 117 141 190 200 115   9  64 234
234  64   8  64 115 128 127 119 114 121 127 115  64   8  64 234
235  69  14   8   9  10  10  10  10  10  10   9   8  14  69 235
239 111  69  64  64  64  64  64  64  64  64  64  64  69 111 239
253 239 235 234 234 234 234 234 234 234 234 234 234 235 239 253
253 239 235 234 234 234 234 234 234 234 234 234 234 235 239 253
239 111  69  64  64  64  64  64  64  64  64  64  64  69 111 239
235  69  14   8   9  10  10  10  10  10  10   9   8  14  69 235
234  64   8  64 115 128 123  99  99 123 128 115  64   8  64 234
234  64   9 115 199 223 207 127 127 207 223 199 115   9  64 234
234  64  10 120 147 149 173 133 133 173 149 147 120  10  64 234
234  64  10 120 140 121 131 121 121 131 122 140 120  10  64 234
234  64  10 120 141 117 102  83  82  99 118 144 122  10  64 234
234  64  10 116 118 132 140 116 117 145 139 121 116  10  64 234
234  64  10 118 132 151 156 167 198 204 162 125 116  10  64 234
234  64  10 126 185 163 120 141 178 166 156 170 125  10  64 234
234  64   9 115 204 219 179 134 117 141 190 200 115   9  64 234
234  64   8  64 115 128 127 119 114 121 127 115  64   8  64 234
235  69  14   8   9  10  10  10  10  10  10   9   8  14  69 235
239 111  69  64  64  64  64  64  64  64  64  64  64  69 111 239
253 239 235 234 234 234 234 234 234 234 234 234 234 235 239 253

253 239 235 234 234 234 234 234 234 234 234 234 234 235 239 253
239 111  69  64  64  64  64  64  64  64  64  64  64  69 111 239
235  69  14   8   9  10  10  10  10  10  10   9   8  14  69 235
234  64   8  64 115 120 120 122 116 116 125 115  64   8  64 234
234  64   9 115 199 147 140 144 121 125 170 200 115   9  64 234
234  64  10 128 223 149 122 118 139 162 156 190 127  10  64 234
234  64  10 123 207 173 131  99 145 204 166 141 121  10  64 234
234  64  10  99 127 133 121  82 117 198 178 117 114  10  64 234
234  64  10  99 127 133 121  83 116 167 141 134 119  10  64 234
234  64  10 123 207 173 131 102 140 156 120 179 127  10  64 234
234  64  10 128 223 149 121 117 132 151 163 219 128  10  64 234
234  64   9 115 199 147 140 141 118 132 185 204 115   9  64 234
234  64   8  64 115 120 120 120 116 118 126 115  64   8  64 234
235  69  14   8   9  10  10  10  10  10  10   9   8  14  69 235
239 111  69  64  64  64  64  64  64  64  64  64  64  69 111 239
253 239 235 234 234 234 234 234 234 234 234 234 234 235 239 253
253 239 235 234 234 234 234 234 234 234 234 234 234 235 239 253
239 111  69  64  64  64  64  64  64  64  64  64  64  69 111 239
235  69  14   8   9  10  10  10  10  10  10   9   8  14  69 235
234  64   8  64 115 120 120 122 116 116 125 115  64   8  64 234
234  64   9 115 199 147 140 144 121 125 170 200 115   9  64 234
234  64  10 128 223 149 122 118 139 162 156 190 127  10  64 234
234  64  10 123 207 173 131  99 145 204 166 141 121  10  64 234
234  64  10  99 127 133 121  82 117 198 178 117 114  10  64 234
234  64  10  99 127 133 121  83 116 167 141 134 119  10  64 234
234  64  10 123 207 173 131 102 140 156 120 179 127  10  64 234
234  64  10 128 223 149 121 117 132 151 163 219 128  10  64 234
234  64   9 115 199 147 140 141 118 132 185 204 115   9  64 234
234  64   8  64 115 120 120 120 116 118 126 115  64   8  64 234
235  69  14   8   9  10  10  10  10  10  10   9   8  14  69 235
239 111  69  64  64  64  64  64  64  64  64  64  64  69 111 239
253 239 235 234 234 234 234 234 234 234 234 234 234 235 239 253
253 239 235 234 234 234 234 234 234 234 234 234 234 235 239 253
239 111  69  64  64  64  64  64  64  64  64  64  64  69 111 239
235  69  14   8   9  10  10  10  10  10  10   9   8  14  69 235
234  64   8  64 115 120 120 122 116 116 125 115  64   8  64 234
234  64   9 115 199 147 140 144 121 125 170 200 115   9  64 234
234  64  10 128 223 149 122 118 139 162 156 190 127  10  64 234
234  64  10 123 207 173 131  99 145 204 166 141 121  10  64 234
234  64  10  99 127 133 121  82 117 198 178 117 114  10  64 234
234  64  10  99 127 133 121  83 116 167 141 134 119  10  64 234
234  64  10 123 207 173 131 102 140 156 120 179 127  10  64 234
234  64  10 128 223 149 121 117 132 151 163 219 128  10  64 234
234  64   9 115 199 147 140 141 118 132 185 204 115   9  64 234
234  64   8  64 115 120 120 120 116 118 126 115  64   8  64 234
235  69  14   8   9  10  10  10  10  10  10   9   8  14  69 235
239 111  69  64  64  64  64  64  64  64  64  64  64  69 111 239
253 239 235 234 234 234 234 234 234 234 234 234 234 235 239 253

253 239 235 234 234 234 234 234 234 234 234 234 234 235 239 253
239 111  69  64  64  64  64  64  64  64  64  64  64  69 111 239
235  69  14   8   9  10  10  10  10  10  10   9   8  14  69 235
234  64   8  64 115 127 121 114 119 127 128 115  64   8  64 234
234  64   9 115 200 190 141 117 134 179 219 204 115   9  64 234
234  64  10 125 170 156 166 178 141 120 163 185 126  10  64 234
234  64  10 116 125 162 204 198 167 156 151 132 118  10  64 234
234  64  10 116 121 139 145 117 116 140 132 118 116  10  64 234
234  64  10 122 144 118  99  82  83 102 117 141 120  10  64 234
234  64  10 120 140 122 131 121 121 131 121 140 120  10  64 234
234  64  10 120 147 149 173 133 133 173 149 147 120  10  64 234
234  64   9 115 199 223 207 127 127 207 223 199 115   9  64 234
234  64   8  64 115 128 123  99  99 123 128 115  64   8  64 234
235  69  14   8   9  10  10  10  10  10  10   9   8  14  69 235
239 111  69  64  64  64  64  64  64  64  64  64  64  69 111 239
253 239 235 234 234 234 234 234 234 234 234 234 234 235 239 253
253 239 235 234 234 234 234 234 234 234 234 234 234 235 239 253
239 111  69  64  64  64  64  64  64  64  64  64  64  69 111 239
235  69  14   8   9  10  10  10  10  10  10   9   8  14  69 235
234  64   8  64 115 127 121 114 119 127 128 115  64   8  64 234
234  64   9 115 200 190 141 117 134 179 219 204 115   9  64 234
234  64  10 125 170 156 166 178 141 120 163 185 126  10  64 234
234  64  10 116 125 162 204 198 167 156 151 132 118  10  64 234
234  64  10 116 121 139 145 117 116 140 132 118 116  10  64 234
234  64  10 122 144 118  99  82  83 102 117 141 120  10  64 234
234  64  10 120 140 122 131 121 121 131 121 140 120  10  64 234
234  64  10 120 147 149 173 133 133 173 149 147 120  10  64 234
234  64   9 115 199 223 207 127 127 207 223 199 115   9  64 234
234  64   8  64 115 128 123  99  99 123 128 115  64   8  64 234
235  69  14   8   9  10  10  10  10  10  10   9   8  14  69 235
239 111  69  64  64  64  64  64  64  64  64  64  64  69 111 239
253 239 235 234 234 234 234 234 234 234 234 234 234 235 239 253
253 239 235 234 234 234 234 234 234 234 234 234 234 235 239 253
239 111  69  64  64  64  64  64  64  64  64  64  64  69 111 239
235  69  14   8   9  10  10  10  10  10  10   9   8  14  69 235
234  64   8  64 115 127 121 114 119 127 128 115  64   8  64 234
234  64   9 115 200 190 141 117 134 179 219 204 115   9  64 234
234  64  10 125 170 156 166 178 141 120 163 185 126  10  64 234
234  64  10 116 125 162 204 198 167 156 151 132 118  10  64 234
234  64  10 116 121 139 145 117 116 140 132 118 116  10  64 234
234  64  10 122 144 118  99  82  83 102 117 141 120  10  64 234
234  64  10 120 140 122 131 121 121 131 121 140 120  10  64 234
234  64  10 120 147 149 173 133 133 173 149 147 120  10  64 234
234  64   9 115 199 223 207 127 127 207 223 199 115   9  64 234
234  64   8  64 115 128 123  99  99 123 128 115  64   8  64 234
235  69  14   8   9  10  10  10  10  10  10   9   8  14  69 235
239 111  69  64  64  64  64  64  64  64  64  64  64  69 111 239
253 239 235 234 234 234 234 234 234 234 234 234 234 235 239 253
